world:	tunnel3
time_max:	50000
datetime:	2023-03-09_01:03:30
resolution:	0.02
initial_f_sup:	[3.3, -0.1, 0.000205, 3.141592653589793]
initial_f_wg:	[3.3, 0.1, 0.000205, 3.141592653589793]
goal_region:	(-3.5, 0, 0.00205, 0.4)
nr_rrt_nodes:	7635

distance_fn: distance+orientation+height
goal_as_p_rand_probability: 0.05

